57 
935 759 
1827 297 
578 1819 
1024 1391 
1111 1960 
983 203 
1048 1828 
848 374 
2061 574 
1697 183 
1915 937 
135 395 
1292 374 
647 927 
1956 415 
917 1901 
1813 1015 
826 2008 
1202 2038 
349 236 
1775 741 
363 1755 
1570 436 
999 1469 
1783 351 
1134 584 
1180 1369 
35 695 
1609 1981 
690 1137 
1336 867 
1603 1406 
720 371 
230 1114 
876 1065 
1826 705 
827 1021 
785 1164 
1218 1280 
1392 1959 
953 360 
679 1562 
1638 922 
1533 185 
544 1052 
265 942 
1061 278 
1329 685 
1268 1782 
821 593 
692 333 
255 232 
1442 1742 
63 1795 
806 417 
534 1842 
429 648 
